a1_1 = [ 
9.5 -43.6 2.8 3.5 ;
9.6 -43.4 6.2 3.5 ;
9.4 -44.7 8.5 2.5  ];
a1_11 = [ 
9.4 -44.7 8.5 2.5 ;
10.4 -45 10.8 2 ;
11.7 -44.7 14.2 2 ;
12 -44.8 16.8 2 ;
12.2 -44.9 19.5 2  ];
a1_111 = [ 
12.2 -44.9 19.5 2 ;
12.6 -45.2 20.2 2.7 ;
13.2 -46.7 20.2 2 ;
13.6 -48 20.2 1 ;
13.9 -49.6 21.8 0.5 ;
13.5 -52.6 22.8 1.3 ;
14.5 -54.5 23.5 0.5 ;
15.2 -56.1 25.5 0.5  ];
a1_1111 = [ 
15.2 -56.1 25.5 0.5 ;
15.4 -56.3 25.5 0.5 ;
16.7 -57 25.5 0.5 ;
18 -57.8 25.8 0.5 ;
19.4 -59.4 26.8 0.3 ;
21.1 -59.5 27.5 0.5 ;
24.4 -61.4 28 0.5 ;
26.3 -61.4 29.5 0.5 ;
28.6 -62.5 28.8 1 ;
29.4 -63.1 30.2 0.5 ;
31.1 -64.1 31 0.5 ;
31.5 -65.5 32.2 0.5 ;
33.5 -65.5 35 0.5 ;
34.4 -66 36.8 0.5 ;
35.4 -66.4 38.2 1 ;
37.9 -66.3 39.5 0.5 ;
38.9 -66.9 40.2 0.5 ;
41.9 -67.5 41.5 0.5 ;
44.1 -71.6 42.8 0.5 ;
47.3 -71.7 44.8 0.5 ;
48.7 -72.6 45.5 0.5 ;
50.6 -73.3 47.5 2 ;
50 -71 49.5 0.5 ;
50.8 -70.3 50 1 ;
53.3 -72.1 50.5 0.5 ;
54.2 -72.6 51.5 0.5 ;
55.8 -74.4 52.8 0.5 ;
57.8 -76.3 54 0.3 ;
59.3 -78.3 55.5 1 ;
61.1 -81.7 55.5 0.5 ;
61.4 -83.7 56.2 0.5 ;
64.1 -86.1 56.5 0.5 ;
65 -87.4 58 0.5 ;
66.7 -89.5 59.5 1 ;
68.3 -92.8 60.2 0.5 ;
69.1 -95.9 60.5 0.5 ;
69.4 -96.9 60.8 0.5 ;
69.7 -98.2 61.5 0.5 ;
70.9 -99.2 62 0.3 ;
71.9 -101 62.2 0.5 ;
72.9 -103.3 63.5 0.3 ;
74.4 -105.1 63.8 1 ;
75.4 -106.4 64 0.3 ;
75.3 -107.9 65.5 0.3 ;
75.5 -109.2 66.2 0.5 ;
76.2 -111.6 68 0.5 ;
78.7 -114.7 69.8 0.5 ;
80.2 -118.1 70.5 0.3 ;
81.2 -121.4 71.2 0.5 ;
82.3 -125.1 71.5 0.3 ;
82.5 -127.5 71.8 0.5 ;
83.3 -130.1 72.8 0.5 ;
84.1 -132.8 72.5 0.5 ;
83.8 -137.3 74 0.3 ;
84 -138.8 75 0.3 ;
84.7 -140.3 76.8 0.5 ;
85.5 -140.8 77.5 0.5 ;
86.8 -142.7 77.8 0.5 ;
89.1 -142.7 79.5 0.5  ];
a1_1112 = [ 
15.2 -56.1 25.5 0.5 ;
14.5 -56.9 25.5 0.5 ;
14.6 -58.7 27.5 0.5 ;
14.9 -60.6 28.5 0.5 ;
16.2 -63.9 28.5 0.3 ;
17 -68.1 30 0.5 ;
19 -71 31.8 0.5 ;
20.4 -73 33.2 0.5 ;
20.8 -75.5 34 0.3 ;
20.6 -78.3 34.2 0.5 ;
20.3 -80.4 35.2 0.5 ;
21.2 -83.3 36.8 0.5 ;
21.4 -83.9 36.8 0.5 ;
20.8 -85.9 37.2 0.5 ;
20.8 -87.6 37.2 0.3 ;
20.6 -89.3 38.8 0.5 ;
21.2 -90.2 39.5 1 ;
21.3 -93.1 40.2 0.5 ;
22.1 -95.3 40.5 0.5 ;
21.7 -96.8 41.5 0.5 ;
21.7 -98.9 42.8 0.3 ;
22.3 -100.9 42.2 1 ;
22.2 -104 44 0.3 ;
22.8 -108.4 44 0.5 ;
22.5 -111.1 44.8 0.5 ;
23.4 -116.5 45.8 0.5 ;
25.1 -120.1 46.8 0.3 ;
25.6 -123.3 47.5 1.3 ;
24.4 -123.8 49.5 0.5 ;
24.3 -126.3 50 0.5 ;
24.6 -131.4 51 0.5 ;
24.5 -132.5 51.5 0.5 ;
24.7 -134.9 51.5 0.3 ;
24.3 -137 52.5 0.5 ;
24.6 -139.5 53.5 0.5 ;
23.7 -141.9 54.2 0.3 ;
23.3 -144 55.2 0.5 ;
24.3 -145.9 56 0.5 ;
23.7 -148.6 57 1 ;
23.5 -151.2 58.8 0.5 ;
23.1 -153 59 0.3 ;
23.1 -155.6 60.2 0.5 ;
24.3 -158.4 62.8 0.5 ;
24.3 -159.5 63.5 0.5 ;
23.9 -162.5 68 0.3 ;
24.5 -163.7 70 0.5 ;
24.1 -165.8 73.5 0.3 ;
23.8 -168.4 74.8 0.5 ;
23.6 -170.1 76 0.3 ;
23.1 -172.4 75.8 0.5 ;
22.6 -174.9 76.5 0.5 ;
21.8 -176.3 77.5 0.5 ;
19.9 -178 78.5 0.3 ;
19.1 -180.5 83.2 0.5 ;
19.8 -179.8 87.2 0.3  ];
a1_112 = [ 
12.2 -44.9 19.5 2 ;
13.3 -44.6 19 1.3 ;
13.6 -42.5 21 0.5 ;
13.4 -41.8 24 0.5 ;
12.3 -39.7 25.5 1.3 ;
12 -38.1 27 1.7 ;
11.7 -37.3 28.8 1  ];
a1_1121 = [ 
11.7 -37.3 28.8 1 ;
11.6 -36.9 28.8 0.3 ;
10.6 -35.6 30.2 0.5 ;
8.1 -34.9 32 0.3 ;
6 -34.6 33.2 0.5 ;
4.9 -33.1 36.2 0.3 ;
4.2 -32.7 38.2 0.5 ;
1.6 -33.2 39.8 0.5 ;
-0.1 -32.2 45.5 0.5 ;
-1.5 -30.9 47.2 1 ;
-3.8 -31 49.2 1 ;
-5.6 -29.7 51.5 0.3 ;
-8 -28.9 55.2 1 ;
-9 -28.5 58.5 1 ;
-10 -28.9 60.5 0.3 ;
-11.5 -27.4 62 0.5 ;
-13 -24.8 64.8 1 ;
-14.5 -22.8 67.5 0.5 ;
-16.1 -20.9 70.5 0.3 ;
-17.4 -19.7 71.5 0.5 ;
-19 -18.5 72.8 1 ;
-20.2 -16.6 76 0.5 ;
-22.5 -15.3 78.5 0.5 ;
-24.3 -15.7 81.2 1 ;
-25.3 -15.4 82.8 0.5 ;
-26.7 -14.6 84.8 1 ;
-28 -14.1 87.2 0.5 ;
-29.5 -14.1 90 0.3 ;
-30.2 -14 94 0.5 ;
-32.9 -14.5 97.8 0.5 ;
-34.2 -15.2 102.8 1 ;
-37.7 -15.2 109.8 0.5 ;
-39.3 -15.7 111.8 0.3 ;
-40.1 -15.5 114 0.3 ;
-40.2 -15.2 117.8 0.3 ;
-41.1 -14.2 120.8 0.5 ;
-41.7 -15.2 123.2 0.5 ;
-40.8 -17.1 126.2 0.5 ;
-40.4 -17.6 127.2 0.5 ;
-40.2 -18.6 128 0.5 ;
-39.6 -20.1 128.8 0.5 ;
-38.5 -22.2 129.5 0.5 ;
-38.4 -23.5 129.8 0.3 ;
-39.4 -25.2 129.2 0.3  ];
a1_1122 = [ 
11.7 -37.3 28.8 1 ;
12.9 -37.7 29.5 0.5 ;
14.4 -36 30.2 1 ;
15.6 -35 32.2 0.5 ;
15 -32.9 33.5 0.5 ;
14.9 -32.3 34.8 0.5 ;
14.3 -30.8 36 0.3 ;
14.3 -29.3 38 0.5 ;
15.1 -28.3 39.8 1 ;
15.3 -27.9 39.8 1 ;
17 -26.6 41.5 0.5 ;
17.1 -24.9 43 1 ;
17.4 -23.9 43.8 0.5 ;
17.6 -21.1 46.8 0.5 ;
16 -20.2 48 0.5 ;
14.9 -19.2 50 0.3 ;
13.2 -16.7 53.5 0.5 ;
12.6 -15.1 55.5 0.5 ;
12.5 -12.8 61 0.3 ;
12.9 -11.2 62.8 0.3 ;
12.8 -9.5 63.8 0.5 ;
13.6 -8.1 65.8 0.5 ;
14.4 -6 67 1 ;
15.3 -5.1 68.8 0.5 ;
16.3 -3.8 71.8 0.5 ;
16.5 -2.4 73.5 0.5 ;
16.9 -1.1 75 1 ;
18 1.2 78.2 1 ;
19.3 2.5 80.8 0.3 ;
20 4.6 81.5 1 ;
20.5 5.5 83.5 1 ;
20.9 5.8 84.2 0.5 ;
20.9 8.5 86.2 0.3 ;
22.3 10.2 87.5 1 ;
22.2 12.4 89.8 0.5 ;
22.2 14.9 92.2 0.5 ;
22.4 17.1 96.2 0.5 ;
23.4 18.8 96.8 0.5 ;
24.3 21.2 100 0.5 ;
25.4 22.3 102.2 0.3 ;
24.7 24.4 106.8 0.3 ;
25 24.3 108 0.5 ;
24.4 25.8 110 0.5 ;
24.8 27.3 112.8 1 ;
25.7 28.1 113.2 1 ;
25.9 29.2 115.8 0.5 ;
25.7 31.6 116.8 1 ;
26.6 33.1 118.8 0.3 ;
27 35.2 120.8 0.3 ;
27.6 38.1 122.8 0.5 ;
28.4 39.6 123 0.3 ;
29.6 43.2 125.5 0.3 ;
30.3 45.4 126.8 0.3 ;
30.1 48.5 126.5 0.3 ;
30.3 50.9 127.2 0.5 ;
30.2 53.9 127.2 0.3 ;
30.3 56.4 128.2 0.3 ;
29.7 61.9 129.8 0.3  ];
a1_12 = [ 
9.4 -44.7 8.5 2.5 ;
8.2 -45.4 10.8 2.5 ;
5.8 -45.9 13.5 2.3 ;
3.3 -47.2 15.8 2.3 ;
1.8 -47.8 16.5 1.7 ;
1.4 -47.9 17.5 2.5  ];
a1_121 = [ 
1.4 -47.9 17.5 2.5 ;
0.5 -47.1 17.2 1.5 ;
-1.3 -46.6 16.8 0.5 ;
-2.8 -45.9 16.5 1 ;
-4.7 -44.6 16.8 0.5 ;
-8.1 -44.4 16.8 0.5 ;
-9.8 -44.9 17.5 1 ;
-12.8 -43.2 18.2 1 ;
-16.2 -40.1 20.2 1 ;
-18.2 -38.6 21.2 0.5 ;
-21.2 -38.3 24 1 ;
-24.9 -36.2 25 1 ;
-26.9 -35.5 25.5 2 ;
-29.6 -34.3 26.5 1.5  ];
a1_1211 = [ 
-29.6 -34.3 26.5 1.5 ;
-29.8 -33.6 26 1 ;
-30.3 -31.6 26.8 0.5 ;
-32.5 -29.9 26.2 1 ;
-34.5 -27.4 25.2 0.5 ;
-36.6 -25 25.5 0.5 ;
-39 -20 24.5 0.3 ;
-39.7 -18.7 24.8 0.5 ;
-41.9 -17.6 25.5 1 ;
-44 -15.2 25 0.5 ;
-46 -12.1 24 0.5 ;
-48.6 -10.3 24 1 ;
-50.4 -9.3 25.2 1 ;
-52 -9 24.5 2 ;
-52.7 -7.7 23.2 0.5 ;
-54.1 -4.8 23.5 0.3 ;
-55.8 -2.7 24 1 ;
-57.4 -0.4 25 0.5 ;
-59.1 0.6 25.5 0.5 ;
-61.3 1.9 26.5 0.5 ;
-63.1 4.3 26.5 1 ;
-63.7 7.3 27.5 0.5 ;
-64.8 9.7 27.8 1 ;
-65.6 11.9 28.8 0.5 ;
-67.7 14.3 29.2 0.5 ;
-70.6 16.7 29.5 0.3 ;
-71.6 20 29.8 1 ;
-72.4 21.6 29.2 0.5 ;
-73.8 24.1 30.2 0.5 ;
-75.9 25.6 31 1 ;
-77.3 26.1 31.5 0.5 ;
-80 27.5 31.8 1 ;
-81.4 28.5 31.8 0.5 ;
-85.2 29.4 33.5 1 ;
-88 30.6 34.2 0.5 ;
-91.4 30.6 36.8 0.3 ;
-93.6 31.9 36.2 0.3 ;
-95.3 32.9 37.8 0.3 ;
-97.7 34.7 37.8 1 ;
-100.6 36.7 37.5 0.5 ;
-104.3 39.4 37.5 1.5 ;
-106.2 41.1 38.2 0.5 ;
-108.6 41 38.8 1 ;
-109.5 41.9 37.5 0.5 ;
-113.5 42.4 38.2 0.5 ;
-116.1 43.9 38.8 0.5 ;
-117.8 44.9 39.5 0.5 ;
-120.9 47.6 39.5 0.3 ;
-124 52.2 39.5 0.3 ;
-125.4 56.8 38 0.5  ];
a1_1212 = [ 
-29.6 -34.3 26.5 1.5 ;
-30.7 -35.2 27.5 0.5 ;
-32.8 -35.9 27.5 1 ;
-34.5 -36.1 27.5 1 ;
-35.8 -37.1 27.5 0.5 ;
-37.4 -36.7 27.2 0.5 ;
-38.1 -36.3 28 0.5 ;
-39.2 -36.3 27.8 0.3 ;
-40.6 -38.3 28 0.3 ;
-42 -36.7 27.8 1 ;
-43.4 -36.7 28 0.3 ;
-45.1 -38.1 28 1 ;
-46.9 -38.8 28 1.3 ;
-49 -39.3 28 0.3 ;
-50.3 -40.8 28 0.3 ;
-52.6 -42.1 29.2 0.5 ;
-54.1 -43.3 29 0.5 ;
-55.6 -44.7 29.8 1 ;
-58.8 -45.9 29.2 0.5 ;
-61.4 -46.3 29.2 0.5 ;
-64 -46.8 30.8 1 ;
-68.1 -47.5 32.2 1 ;
-69.6 -47 32.2 0.5 ;
-72 -47.1 33.5 1 ;
-73.7 -47.3 33.2 1 ;
-76.3 -47.2 34 1 ;
-77.7 -48.6 34.2 0.5 ;
-78.2 -49.5 34.2 1 ;
-80.7 -50.2 34.5 0.3 ;
-82.3 -50.6 35 0.5 ;
-83.5 -51.7 35.8 0.5 ;
-85.5 -52 35.8 0.5 ;
-86.3 -53.5 35.8 1 ;
-88.5 -54.9 36.2 1 ;
-90.2 -58.2 36.8 0.5 ;
-91.6 -60.3 37 1 ;
-92.6 -62 39.2 1 ;
-95.4 -62.9 41.5 0.3 ;
-97.5 -63.8 41.8 1 ;
-99 -65.5 42.8 0.5 ;
-100.4 -67 43.5 1.3 ;
-103.1 -66.9 45.5 0.5 ;
-103.9 -67 47.2 0.5 ;
-104.2 -68.6 47.5 0.5 ;
-106.5 -69.5 48.2 0.5 ;
-107 -69.3 48.2 1 ;
-109.3 -71.4 49.2 0.5 ;
-111.3 -73.2 48.2 0.3 ;
-112.5 -74.5 48 0.3 ;
-114.7 -74.7 47.8 0.5 ;
-117.5 -76.5 46.8 0.5 ;
-120.4 -78.9 46.5 0.3 ;
-123.7 -79.8 47.2 0.3  ];
a1_122 = [ 
1.4 -47.9 17.5 2.5 ;
0.2 -49.2 20 1.3 ;
-0.5 -49.9 21.5 1 ;
-2.1 -51.3 22.5 1 ;
-2.4 -51.7 22.8 1 ;
-3 -53.1 26.2 1.7  ];
