aux10to13{0} =  	[ [-134 -14 0 1] ; [-104 -14 0 1]]
aux10to13{1} =  	[ [-134 -14 0 1] ; [-104 -14 0 1]]
aux10to13{2} =  	[ [-134 -14 0 1] ; [-104 -14 0 1]]
aux10to13{3} =  	[ [-134 -14 0 1] ; [-104 -14 0 1]]
aux69{1} = 		[ [-149 -14 0 1] ; [-134 -14 0 1]]
aux38{1} =		[ [-149 -14 0 1] ; [-134 -14 0 1]]
aux2to9{0} = 	[ [-149 -14 0 1] ; [-134 -14 0 1]]
aux2to9{1} = 	[ [-149 -14 0 1] ; [-134 -14 0 1]]
aux2to9{2} = 	[ [-149 -14 0 1] ; [-134 -14 0 1]]
aux2to9{3} = 	[ [-149 -14 0 1] ; [-134 -14 0 1]]
aux2to9{4} = 	[ [-149 -14 0 1] ; [-134 -14 0 1]]
aux2to9{5} = 	[ [-149 -14 0 1] ; [-134 -14 0 1]]
aux2to9{6} = 	[ [-149 -14 0 1] ; [-134 -14 0 1]]
aux2to9{7} = 	[ [-149 -14 0 1] ; [-134 -14 0 1]]

comp{1} =  [ [-149 -14 0 1] ; [-134 -14 0 1]]
comp{38} =  [ [-134 -14 0 1] ; [-104 -14 0 1]]
comp{39} =  [ [-104 -14 0 1] ; [-74 -14 0 1]]
comp{40} =  [ [-74 -14 0 1] ; [-44 -14 0 1]]

comp{41} =  [ [-44 -14 0 1] ; [-14 30 0 1]]
comp{43} =  [ [-14 30 0 1] ; [0 45 0 1]]

comp{45} =  [ [0 45 0 1] ; [45 75 0 1]]
comp{46} =  [ [0 45 0 1] ; [45 60 0 1]]
comp{47} =  [ [0 45 0 1] ; [45 30 0 1]]
comp{48} =  [ [0 45 0 1] ; [45 15 0 1]]

comp{53} =  [ [45 75 0 1] ; [75 75 0 1]]
comp{54} =  [ [45 60 0 1] ; [75 60 0 1]]
comp{55} =  [ [45 30 0 1] ; [75 30 0 1]]
comp{56} =  [ [45 15 0 1] ; [75 15 0 1]]

comp{61} =  [ [75 75 0 1] ; [90 90 0 1]]
comp{62} =  [ [75 60 0 1] ; [90 75 0 1]]
comp{63} =  [ [75 30 0 1] ; [90 15 0 1]]
comp{64} =  [ [75 15 0 1] ; [90 0 0 1]]

comp{42} =  [ [-44 -14 0 1] ; [-14 -59 0 1]]
comp{44} =  [ [-14 -59 0 1] ; [0 -74 0 1]]

comp{49} =  [ [0 -74 0 1] ; [45 -44 0 1]]
comp{50} =  [ [0 -74 0 1] ; [45 -59 0 1]]
comp{51} =  [ [0 -74 0 1] ; [45 -89 0 1]]
comp{52} =  [ [0 -74 0 1] ; [45 -104 0 1]]

comp{57} =  [ [45 -44 0 1] ; [75 -44 0 1]]
comp{58} =  [ [45 -59 0 1] ; [75 -59 0 1]]
comp{59} =  [ [45 -89 0 1] ; [75 -89 0 1]]
comp{60} =  [ [45 -104 0 1] ; [75 -104 0 1]]

comp{65} =  [ [75 -44 0 1] ; [90 -29 0 1]]
comp{66} =  [ [75 -59 0 1] ; [90 -44 0 1]]
comp{67} =  [ [75 -89 0 1] ; [90 -104 0 1]]
comp{68} =  [ [75 -104 0 1] ; [90 -119 0 1]]

comp{10} =  [ [-104 -14 0 1] ; [-119 0 0 1]]
comp{22} =  [ [-119 0 0 1] ; [-119 30 0 1]]
comp{34} =  [ [-119 30 0 1] ; [-119 60 0 1]]
comp{11} =  [ [-104 -14 0 1] ; [-89 0 0 1]]
comp{23} =  [ [-89 0 0 1] ; [-89 30 0 1]]
comp{35} =  [ [-89 30 0 1] ; [-89 60 0 1]]
comp{12} =  [ [-104 -14 0 1] ; [-119 -29 0 1]]
comp{24} =  [ [-119 -29 0 1] ; [-119 -59 0 1]]
comp{36} =  [ [-119 -59 0 1] ; [-119 -89 0 1]]
comp{13} =  [ [-104 -14 0 1] ; [-89 -29 0 1]]
comp{25} =  [ [-89 -29 0 1] ; [-89 -59 0 1]]
comp{37} =  [ [-89 -59 0 1] ; [-89 -89 0 1]]
comp{2} =  [ [-149 -14 0 1] ; [-164 30 0 1]]
comp{14} =  [ [-164 30 0 1] ; [-179 45 0 1]]
comp{26} =  [ [-179 45 0 1] ; [-194 60 0 1]]
comp{3} =  [ [-149 -14 0 1] ; [-179 30 0 1]]
comp{15} =  [ [-179 30 0 1] ; [-194 45 0 1]]
comp{27} =  [ [-194 45 0 1] ; [-209 60 0 1]]
comp{4} =  [ [-149 -14 0 1] ; [-194 15 0 1]]
comp{16} =  [ [-194 15 0 1] ; [-209 30 0 1]]
comp{28} =  [ [-209 30 0 1] ; [-224 45 0 1]]
comp{5} =  [ [-149 -14 0 1] ; [-194 0 0 1]]
comp{17} =  [ [-194 0 0 1] ; [-209 15 0 1]]
comp{29} =  [ [-209 15 0 1] ; [-224 30 0 1]]
comp{6} =  [ [-149 -14 0 1] ; [-194 -29 0 1]]
comp{18} =  [ [-194 -29 0 1] ; [-209 -44 0 1]]
comp{30} =  [ [-209 -44 0 1] ; [-224 -59 0 1]]
comp{7} =  [ [-149 -14 0 1] ; [-164 -59 0 1]]
comp{19} =  [ [-164 -59 0 1] ; [-179 -74 0 1]]
comp{31} =  [ [-179 -74 0 1] ; [-194 -89 0 1]]
comp{8} =  [ [-149 -14 0 1] ; [-194 -44 0 1]]
comp{20} =  [ [-194 -44 0 1] ; [-209 -59 0 1]]
comp{32} =  [ [-209 -59 0 1] ; [-224 -74 0 1]]
comp{9} =  [ [-149 -14 0 1] ; [-179 -59 0 1]]
comp{21} =  [ [-179 -59 0 1] ; [-194 -74 0 1]]
comp{33} =  [ [-194 -74 0 1] ; [-209 -89 0 1]]
comp{69} =  [ [-134 -14 0 1] ; [-134 -44 0 1]]
comp{70} =  [ [-134 -44 0 1] ; [-134 -74 0 1]]
comp{71} =  [ [-134 -74 0 1] ; [-149 -89 0 1]]
comp{72} =  [ [-149 -89 0 1] ; [-149 -129 0 1]]
comp{73} =  [ [-134 -74 0 1] ; [-134 -104 0 1]]
comp{74} =  [ [-134 -104 0 1] ; [-134 -134 0 1]]
